           I    Z         F         X          G    Y
0  -0.408258  1.0  0.862063 -1.188464   3.540830  0.0
1   0.505600  0.0  0.773356  3.286078  -4.240429  1.0
2   0.430360  0.0  0.709567 -1.821736  -1.121177  1.0
3  -0.401476  0.0  0.578794 -0.517967   0.901670  0.0
4   1.002460  0.0  0.734643  2.388087   2.042856  1.0
5  -0.725746  0.0  0.616382 -0.607759  -0.125012  1.0
6  -0.073839  0.0  0.921459  0.022522   0.967747  1.0
7   1.182835  0.0  0.690966  1.780383   0.325689  1.0
8   1.641939  1.0  0.802536  1.279694  -0.616299  1.0
9  -0.078610  1.0  0.676905  6.535676  -9.291297  1.0
10 -0.020182  0.0  0.570566  5.691331   3.130655  1.0
11 -1.061436  0.0  0.615552  3.714735  -3.529889  0.0
12  0.236156  0.0  0.500167  3.939959  -5.978160  1.0
13  1.988234  2.0  0.532058 -3.601230   1.513230  1.0
14  1.640645  0.0  0.351820  7.226530  13.727067  1.0
15 -0.974806  0.0  0.601030  0.382637   0.672968  1.0
16  1.600033  0.0  0.370809  5.085324   4.007743  1.0
17  2.151487  0.0  0.817344  4.778797   1.229256  0.0
18  0.430625  0.0  0.477343 -0.998082   1.066448  1.0
19  1.772764  0.0  0.793123  2.804695  -0.662441  1.0
20  1.299627  0.0  0.468464  5.077713  -4.669730  0.0
21 -0.499488  0.0  0.738227  5.119057   4.983734  1.0
22  0.472068  0.0  0.832007  4.079033   2.063830  0.0
23  0.245860  0.0  0.823037  4.510929   3.394374  0.0
24  0.089640  0.0  0.318128  6.038558  -0.979233  1.0
25  0.184528  0.0  0.713357  2.160308   0.192028  1.0
26  1.480922  0.0  0.522356  0.894187   0.180164  1.0
27  2.252883  0.0  0.545475  2.789093  -1.175529  1.0
28  0.676856  1.0  0.450371 -1.040150   1.038069  1.0
29  0.785582  1.0  0.885897  2.714807  -0.637476  1.0
30 -0.002483  0.0  0.693248  4.154823  -4.068624  1.0
31  0.306985  2.0  0.689332  4.134288  -4.014069  1.0
32  1.380054  2.0  0.550270  2.201930  -0.778597  0.0
33 -1.561436  0.0  0.648234  6.775125   0.552219  1.0
34 -0.600367  0.0  0.656153 -1.297097   2.644383  1.0
35  0.768934  0.0  0.791746 -1.960187   2.249766  1.0
36 -0.449212  0.0  0.637026  0.702083   0.041986  1.0
37 -1.753413  0.0  0.299734 -0.252412   0.357772  1.0
38  1.610022  2.0  0.949071  2.412938  -2.160374  1.0
39 -0.659765  0.0  0.655780  5.682111   7.859009  1.0
40 -0.345525  1.0  0.723282 -2.583529   5.555814  0.0
41  0.298447  0.0  0.678182  3.794394   6.749548  0.0
42  0.376553  0.0  0.838603  7.215740   3.008841  1.0
43  0.672863  0.0  0.856858 -1.667193   2.197757  1.0
44 -1.241295  2.0  0.822475 -3.598341   0.771769  0.0
45  1.145972  0.0  0.713765  4.526010  -0.393237  1.0
46  0.148257  0.0  0.613225  0.190444   0.236482  1.0
47  0.381936  0.0  0.617298 -0.721110  -0.156289  1.0
48  1.166674  0.0  0.801830 -4.734369   9.617154  0.0
49 -0.400672  1.0  0.609688  3.330078 -11.401333  1.0
50  2.079119  0.0  0.729861 -1.225887   2.667540  1.0
51 -1.004173  0.0  0.313551 -0.910570   0.350309  1.0
52  1.822158  2.0  0.468003  0.912628   1.029283  0.0
53  0.585723  0.0  0.479651  5.132985   2.363403  1.0
54 -0.953293  0.0  0.419723  0.415340   0.686618  1.0
55  0.897921  0.0  0.613191  0.229618   0.686069  0.0
56  2.097057  0.0  0.312976 -2.307703   0.418987  1.0
57  0.708902  0.0  0.375167  2.890414   1.114205  0.0
58  1.778319  0.0  0.724084 -0.216007   0.840516  1.0
59  0.659629  0.0  0.736572  5.134215  -3.262472  1.0
60  0.956280  1.0  0.688311  2.575521   1.152262  1.0
61 -0.989908  0.0  0.847240  3.618686   0.642054  0.0
62 -0.163779  1.0  0.452144  2.463339   2.054498  1.0
63  1.844208  2.0  0.742053  3.944778  -2.737438  1.0
64 -1.198411  1.0  0.701663  1.121363   2.269884  1.0
65  1.591553  2.0  0.761653 -2.222800   6.490063  1.0
66 -0.806520  0.0  0.789446 -1.714660   0.358720  1.0
67  0.719196  2.0  0.479869  3.034213   0.146116  1.0
68 -1.234617  0.0  0.528955  0.575498   0.279526  0.0
69  2.971943  0.0  0.773429 -0.372707   0.799323  1.0
70  0.113991  0.0  0.945291  7.206746   3.382575  1.0
71  0.976080  0.0  0.658515  4.715138  -0.826884  1.0
72 -1.345763  0.0  0.399649  3.021723  -4.988517  1.0
73  1.214981  1.0  0.754518  4.883094   5.218952  1.0
74  0.337591  0.0  0.280963  4.702884   6.821989  0.0
75 -0.314015  0.0  0.577170  1.195441   0.910286  1.0
76  1.684170  0.0  0.645586  6.107257  -2.253477  1.0
77  1.829829  1.0  0.389614  0.937225   0.755785  1.0
78 -0.387778  0.0  0.509307  2.461049   0.737290  1.0
79  0.518455  1.0  0.556041  2.698387  -2.368918  1.0
80 -0.637105  1.0  0.419384  0.749133  -0.393717  0.0
81  0.574706  0.0  0.368300  3.125601  -0.145532  1.0
82  0.004974  1.0  0.637330  4.059491  -6.725557  0.0
83 -1.357681  1.0  0.380967  3.247930   0.750893  1.0
84  0.460809  0.0  0.835725  0.068763   0.898267  1.0
85  1.085242  0.0  0.474933  3.456296  -4.316666  0.0
86 -0.311618  0.0  0.485300  0.037928   0.488114  1.0
87  2.515786  0.0  0.568581 -0.053185   0.622886  1.0
88  0.435773  0.0  0.765282  1.228786   1.612096  1.0
89  0.141298  0.0  0.736256  1.561608   0.208023  1.0
90  1.819652  0.0  0.525369  6.582414  -9.036826  1.0
91 -0.499043  0.0  0.536079  0.562278   0.801929  1.0
92  0.353636  0.0  0.265264  6.196292   5.526723  1.0
93 -0.028330  2.0  0.685569  7.804414  -8.751072  1.0
94 -0.803175  0.0  0.602968  3.830587   0.640508  0.0
95  1.196018  2.0  0.841688  2.433267   2.684862  1.0
96  0.408747  0.0  0.829993 -1.545468   0.241652  0.0
97  1.188512  2.0  0.558632 -1.277981   0.200207  1.0
98  0.989675  0.0  0.755147  0.276637   0.938749  1.0
99  1.528666  2.0  0.620884  0.218410   0.624572  1.0